# Do not modify the order of these options
pitch=52.56658151511047
slope=-7.145505158882189
center=0.9997089252844671
viewCone=50.0
invView=1
DPI=324.0
screenW=1536.0
screenH=2048.0
